# NORDIC32 TEST SYSTEM - OPERATING POINT A

BUS g1 15.0 0. 0. 0. 0. ;
BUS g2 15.0 0. 0. 0. 0. ;
BUS g3 15.0 0. 0. 0. 0. ;
BUS g4 15.0 0. 0. 0. 0. ;
BUS g5 15.0 0. 0. 0. 0. ;
BUS g6 15.0 0. 0. 0. 0. ;
BUS g7 15.0 0. 0. 0. 0. ;
BUS g8 15.0 0. 0. 0. 0. ;
BUS g9 15.0 0. 0. 0. 0. ;
BUS g10 15.0 0. 0. 0. 0. ;
BUS g11 15.0 0. 0. 0. 0. ;
BUS g12 15.0 0. 0. 0. 0. ;
BUS g13 15.0 0. 0. 0. 0. ;
BUS g14 15.0 0. 0. 0. 0. ;
BUS g15 15.0 0. 0. 0. 0. ;
BUS g16 15.0 0. 0. 0. 0. ;
BUS g17 15.0 0. 0. 0. 0. ;
BUS g18 15.0 0. 0. 0. 0. ;
BUS g19 15.0 0. 0. 0. 0. ;
BUS g20 15.0 0. 0. 0. 0. ;
BUS 1011 130.0 0. 0. 0. 0. ;
BUS 1012 130.0 0. 0. 0. 0. ;
BUS 1013 130.0 0. 0. 0. 0. ;
BUS 1014 130.0 0. 0. 0. 0. ;
BUS 1021 130.0 0. 0. 0. 0. ;
BUS 1022 130.0 0. 0.  50.0 0. ;
BUS 1041 130.0 0. 0. 250.0 0. ;
BUS 1042 130.0 0. 0. 0. 0. ;
BUS 1043 130.0 0. 0. 200.0 0. ;
BUS 1044 130.0 0. 0. 200.0 0. ;
BUS 1045 130.0 0. 0. 200.0 0. ;
BUS 2031 220.0 0. 0. 0. 0. ;
BUS 2032 220.0 0. 0. 0. 0. ;
BUS 4011 400.0 0. 0. 0. 0. ;
BUS 4012 400.0 0. 0. -100.0 0. ;
BUS 4021 400.0 0. 0. 0. 0. ;
BUS 4022 400.0 0. 0. 0. 0. ;
BUS 4031 400.0 0. 0. 0. 0. ;
BUS 4032 400.0 0. 0. 0. 0. ;
BUS 4041 400.0 0. 0. 200.0 0. ;
BUS 4042 400.0 0. 0. 0. 0. ;
BUS 4043 400.0 0. 0. 200.0 0. ;
BUS 4044 400.0 0. 0. 0. 0. ;
BUS 4045 400.0 0. 0. 0. 0. ;
BUS 4046 400.0 0. 0. 100.0 0. ;
BUS 4047 400.0 0. 0. 0. 0. ;
BUS 4051 400.0 0. 0. 100.0 0. ;
BUS 4061 400.0 0. 0. 0. 0. ;
BUS 4062 400.0 0. 0. 0. 0. ;
BUS 4063 400.0 0. 0. 0. 0. ;
BUS 4071 400.0 0. 0. -400.0 0. ;
BUS 4072 400.0 0. 0. 0. 0. ;

BUS  1 20.  600.000  148.2 0. 0. ;
BUS  2 20.  330.000   71.0 0. 0. ;
BUS  3 20.  260.000   83.8 0. 0. ;
BUS  4 20.  840.000  252.0 0. 0. ;
BUS  5 20.  720.000  190.4 0. 0. ;
BUS 11 20.  200.000   68.8 0. 0. ;
BUS 12 20.  300.000   83.8 0. 0. ;
BUS 13 20.  100.000   34.4 0. 0. ;
BUS 22 20.  280.000   79.9 0. 0. ;
BUS 31 20.  100.000   24.7 0. 0. ;
BUS 32 20.  200.000   39.6 0. 0. ;
BUS 41 20.  540.000  131.4 0. 0. ;
BUS 42 20.  400.000  127.4 0. 0. ;
BUS 43 20.  900.000  254.6 0. 0. ;
BUS 46 20.  700.000  211.8 0. 0. ;
BUS 47 20.  100.000   44.0 0. 0. ;
BUS 51 20.  800.000  258.2 0. 0. ;
BUS 61 20.  500.000  122.5 0. 0. ;
BUS 62 20.  300.000   83.8 0. 0. ;
BUS 63 20.  590.000  264.6 0. 0. ;
BUS 71 20.  300.000   83.8 0. 0. ;
BUS 72 20. 2000.000  396.1 0. 0. ;

GENER  g1  g1  g1 600.0000 58.20475 1.068400 800.0 -99999. 320.6126 1 ;
GENER  g2  g2  g2 300.0000 17.15635 1.056500 600.0 -99999. 290.3845 1 ;
GENER  g3  g3  g3 550.0000 20.85948 1.059500 700.0 -99999. 260.5219 1 ;
GENER  g4  g4  g4 400.0000 30.31126 1.033900 600.0 -99999. 268.8083 1 ;
GENER  g5  g5  g5 200.0000 59.94144 1.029400 250.0 -99999. 157.4382 1 ;
GENER  g6  g6  g6 360.0000 138.4888 1.008400 400.0 -99999. 187.5052 1 ;
GENER  g7  g7  g7 180.0000 60.17818 1.014100 200.0 -99999. 132.5540 1 ;
GENER  g8  g8  g8 750.0000 232.4203 1.049800 850.0 -99999. 291.7766 1 ;
GENER  g9  g9  g9 668.5000 201.5200 0.9988000 1000.0 -99999. 470.4573 1 ;
GENER g10 g10 g10 600.0000 255.5290 1.015700 800.0 -99999. 347.2110 1 ;
GENER g11 g11 g11 250.0000 60.57409 1.021100 300.0 -99999. 116.6638 1 ;
GENER g12 g12 g12 310.0000 98.11764 1.020000 350.0 -99999. 170.4402 1 ;
GENER g13 g13 g13   0.     49.77942 1.017000 300.0 -99999. 299.6789 1 ;
GENER g14 g14 g14 630.0000 295.3523 1.045400 700.0 -99999. 367.5824 1 ;
GENER g15 g15 g15 1080.000 377.3966 1.045500 1200.0 -99999. 586.5377 1 ;
GENER g16 g16 g16 600.0000 222.1159 1.053100 700.0 -99999. 371.7766 1 ;
GENER g17 g17 g17 530.0000 48.47923 1.009200 600.0 -99999. 276.4489 1 ;
GENER g18 g18 g18 1060.000 293.1280 1.030700 1200.0 -99999. 573.0605 1 ;
GENER g19 g19 g19 300.0000 121.1512 1.030000 500.0 -99999. 249.0537 1 ;
GENER g20 g20 g20 2132.500 376.4748 1.018500 4500.0 -99999. 2483.911 1 ;
SLACK g20 ;

LINE 1011-1013 1011 1013 1.6900 11.830 40.841 350.00 1 ;
LINE 1011-1013-2 1011 1013 1.6900 11.830 40.841 350.00 1 ;
LINE 1012-1014 1012 1014 2.3700 15.210 53.407 350.00 1 ;
LINE 1012-1014-2 1012 1014 2.3700 15.210 53.407 350.00 1 ;
LINE 1013-1014 1013 1014 1.1800 8.4500 29.845 350.00 1 ;
LINE 1013-1014-2 1013 1014 1.1800 8.4500 29.845 350.00 1 ;
LINE 1021-1022 1021 1022 5.0700 33.800 89.535 350.00 1 ;
LINE 1021-1022-2 1021 1022 5.0700 33.800 89.535 350.00 1 ;
LINE 1041-1043 1041 1043 1.6900 10.140 36.128 350.00 1 ;
LINE 1041-1043-2 1041 1043 1.6900 10.140 36.128 350.00 1 ;
LINE 1041-1045 1041 1045 2.5300 20.280 73.827 350.00 1 ;
LINE 1041-1045-2 1041 1045 2.5300 20.280 73.827 350.00 1 ;
LINE 1042-1044 1042 1044 6.4200 47.320 177.50 350.00 1 ;
LINE 1042-1044-2 1042 1044 6.4200 47.320 177.50 350.00 1 ;
LINE 1042-1045 1042 1045 8.4500 50.700 177.50 350.00 1 ;
LINE 1043-1044 1043 1044 1.6900 13.520 47.124 350.00 1 ;
LINE 1043-1044-2 1043 1044 1.6900 13.520 47.124 350.00 1 ;
LINE 2031-2032 2031 2032 5.8100 43.560 15.708 500.00 1 ;
LINE 2031-2032-2 2031 2032 5.8100 43.560 15.708 500.00 1 ;
LINE 4011-4012 4011 4012 1.6000 12.800 62.832 1400.0 1 ;
LINE 4011-4021 4011 4021 9.6000 96.000 562.34 1400.0 1 ;
LINE 4011-4022 4011 4022 6.4000 64.000 375.42 1400.0 1 ;
LINE 4011-4071 4011 4071 8.0000 72.000 438.25 1400.0 1 ;
LINE 4012-4022 4012 4022 6.4000 56.000 328.30 1400.0 1 ;
LINE 4012-4071 4012 4071 8.0000 80.000 468.10 1400.0 1 ;
LINE 4021-4032 4021 4032 6.4000 64.000 375.42 1400.0 1 ;
LINE 4021-4042 4021 4042 16.000 96.00 937.77 1400.0 1 ;
LINE 4022-4031 4022 4031 6.4000 64.000 375.42 1400.0 1 ;
LINE 4022-4031-2 4022 4031 6.4000 64.000 375.42 1400.0 1 ;
LINE 4031-4032 4031 4032 1.6000 16.000 94.248 1400.0 1 ;
LINE 4031-4041 4031 4041 9.6000 64.00 749.27 1400.0 1 ;
LINE 4031-4041-2 4031 4041 9.6000 64.00 749.27 1400.0 1 ;
LINE 4032-4042 4032 4042 16.000 64.00 625.18 1400.0 1 ;
LINE 4032-4044 4032 4044 9.6000 80.00 749.27 1400.0 1 ;
LINE 4041-4044 4041 4044 4.8000 48.000 281.17 1400.0 1 ;
LINE 4041-4061 4041 4061 9.6000 72.000 406.84 1400.0 1 ;
LINE 4042-4043 4042 4043 3.2000 24.000 155.51 1400.0 1 ;
LINE 4042-4044 4042 4044 3.2000 32.000 186.93 1400.0 1 ;
LINE 4043-4044 4043 4044 1.6000 16.000 94.248 1400.0 1 ;
LINE 4043-4046 4043 4046 1.6000 16.000 94.248 1400.0 1 ;
LINE 4043-4047 4043 4047 3.2000 32.000 186.93 1400.0 1 ;
LINE 4044-4045 4044 4045 3.2000 32.000 186.93 1400.0 1 ;
LINE 4044-4045-2 4044 4045 3.2000 32.000 186.93 1400.0 1 ;
LINE 4045-4051 4045 4051 6.4000 64.000 375.42 1400.0 1 ;
LINE 4045-4051-2 4045 4051 6.4000 64.000 375.42 1400.0 1 ;
LINE 4045-4062 4045 4062 17.600 128.00 749.27 1400.0 1 ;
LINE 4046-4047 4046 4047 1.6000 24.000 155.51 1400.0 1 ;
LINE 4061-4062 4061 4062 3.2000 32.000 186.93 1400.0 1 ;
LINE 4062-4063 4062 4063 4.8000 48.000 281.17 1400.0 1 ;
LINE 4062-4063-2 4062 4063 4.8000 48.000 281.17 1400.0 1 ;
LINE 4071-4072 4071 4072 4.8000 48.000 937.77 1400.0 1 ;
LINE 4071-4072-2 4071 4072 4.8000 48.000 937.77 1400.0 1 ;

TRFO g1 g1 1012 ' ' 0.0 15.0 0. 100.0000 800.0 0. 0. 0 0. 0 1 ;
TRFO g2 g2 1013 ' ' 0.0 15.0 0. 100.0000 600.0 0. 0. 0 0. 0 1 ;
TRFO g3 g3 1014 ' ' 0.0 15.0 0. 100.0000 700.0 0. 0. 0 0. 0 1 ;
TRFO g4 g4 1021 ' ' 0.0 15.0 0. 100.0000 600.0 0. 0. 0 0. 0 1 ;
TRFO g5 g5 1022 ' ' 0.0 15.0 0. 105.0000 250.0 0. 0. 0 0. 0 1 ;
TRFO g6 g6 1042 ' ' 0.0 15.0 0. 105.0000 400.0 0. 0. 0 0. 0 1 ;
TRFO g7 g7 1043 ' ' 0.0 15.0 0. 105.0000 200.0 0. 0. 0 0. 0 1 ;
TRFO g8 g8 2032 ' ' 0.0 15.0 0. 105.0000 850.0 0. 0. 0 0. 0 1 ;
TRFO g9 g9 4011 ' ' 0.0 15.0 0. 105.0000 1000.0 0. 0. 0 0. 0 1 ;
TRFO g10 g10 4012 ' ' 0.0 15.0 0. 105.0000 800.0 0. 0. 0 0. 0 1 ;
TRFO g11 g11 4021 ' ' 0.0 15.0 0. 105.0000 300.0 0. 0. 0 0. 0 1 ;
TRFO g12 g12 4031 ' ' 0.0 15.0 0. 105.0000 350.0 0. 0. 0 0. 0 1 ;
TRFO g13 g13 4041 ' ' 0.0 10.0 0. 105.0000 300.0 0. 0. 0 0. 0 1 ;
TRFO g14 g14 4042 ' ' 0.0 15.0 0. 105.0000 700.0 0. 0. 0 0. 0 1 ;
TRFO g15 g15 4047 ' ' 0.0 15.0 0. 105.0000 1200.0 0. 0. 0 0. 0 1 ;
TRFO g16 g16 4051 ' ' 0.0 15.0 0. 105.0000 700.0 0. 0. 0 0. 0 1 ;
TRFO g17 g17 4062 ' ' 0.0 15.0 0. 105.0000 600.0 0. 0. 0 0. 0 1 ;
TRFO g18 g18 4063 ' ' 0.0 15.0 0. 105.0000 1200.0 0. 0. 0 0. 0 1 ;
TRFO g19 g19 4071 ' ' 0.0 15.0 0. 105.0000 500.0 0. 0. 0 0. 0 1 ;
TRFO g20 g20 4072 ' ' 0.0 15.0 0. 105.0000 4500.0 0. 0. 0 0. 0 1 ;
TRFO 1011-4011 1011 4011 ' ' 0.0000 10.000 0. 95.00000 1250.0 0. 0. 0 0. 0 1 ;
TRFO 1012-4012 1012 4012 ' ' 0.0000 10.000 0. 95.00000 1250.0 0. 0. 0 0. 0 1 ;
TRFO 1022-4022 1022 4022 ' ' 0.0000 10.000 0. 93.00000 833.30 0. 0. 0 0. 0 1 ;
TRFO 2031-4031 2031 4031 ' ' 0.0000 10.000 0. 100.0000 833.30 0. 0. 0 0. 0 1 ;

TRFO 1044-4044   1044 4044 1044 0. 10.0 0. 103. 1000.0 87. 111. 25 0.01 1.0106 1 ;
TRFO 1044-4044-2 1044 4044 1044 0. 10.0 0. 103. 1000.0 87. 111. 25 0.01 1.0106 1 ;
TRFO 1045-4045   1045 4045 1045 0. 10.0 0. 104. 1000.0 87. 111. 25 0.01 1.0146 1 ;
TRFO 1045-4045-2 1045 4045 1045 0. 10.0 0. 104. 1000.0 87. 111. 25 0.01 1.0146 1 ;

TRFO 11-1011 11 1011 11  0.  10.  0.  104.   400.  88.  120.  33  0.01  1.  1 ;
TRFO 12-1012 12 1012 12  0.  10.  0.  105.   600.  88.  120.  33  0.01  1.  1 ;
TRFO 13-1013 13 1013 13  0.  10.  0.  104.   200.  88.  120.  33  0.01  1.  1 ;
TRFO 22-1022 22 1022 22  0.  10.  0.  104.   560.  88.  120.  33  0.01  1.  1 ;
TRFO  1-1041  1 1041  1  0.  10.  0.  100.  1200.  88.  120.  33  0.01  1.  1 ;
TRFO  2-1042  2 1042  2  0.  10.  0.  100.   600.  88.  120.  33  0.01  1.  1 ;
TRFO  3-1043  3 1043  3  0.  10.  0.  101.   460.  88.  120.  33  0.01  1.  1 ;
TRFO  4-1044  4 1044  4  0.  10.  0.   99.  1600.  88.  120.  33  0.01  1.  1 ;
TRFO  5-1045  5 1045  5  0.  10.  0.  100.  1400.  88.  120.  33  0.01  1.  1 ;
TRFO 31-2031 31 2031 31  0.  10.  0.  101.   200.  88.  120.  33  0.01  1.  1 ;
TRFO 32-2032 32 2032 32  0.  10.  0.  106.   400.  88.  120.  33  0.01  1.  1 ;
TRFO 41-4041 41 4041 41  0.  10.  0.  104.  1080.  88.  120.  33  0.01  1.  1 ;
TRFO 42-4042 42 4042 42  0.  10.  0.  103.   800.  88.  120.  33  0.01  1.  1 ;
TRFO 43-4043 43 4043 43  0.  10.  0.  102.  1800.  88.  120.  33  0.01  1.  1 ;
TRFO 46-4046 46 4046 46  0.  10.  0.  102.  1400.  88.  120.  33  0.01  1.  1 ;
TRFO 47-4047 47 4047 47  0.  10.  0.  104.   200.  88.  120.  33  0.01  1.  1 ;
TRFO 51-4051 51 4051 51  0.  10.  0.  105.  1600.  88.  120.  33  0.01  1.  1 ;
TRFO 61-4061 61 4061 61  0.  10.  0.  103.  1000.  88.  120.  33  0.01  1.  1 ;
TRFO 62-4062 62 4062 62  0.  10.  0.  104.   600.  88.  120.  33  0.01  1.  1 ;
TRFO 63-4063 63 4063 63  0.  10.  0.  103.  1180.  88.  120.  33  0.01  1.  1 ;
TRFO 71-4071 71 4071 71  0.  10.  0.  103.   600.  88.  120.  33  0.01  1.  1 ;
TRFO 72-4072 72 4072 72  0.  10.  0.  105.  4000.  88.  120.  33  0.01  1.  1 ;
LFRESV g1       1.0684000  0.45142429E-01 ;
LFRESV g2       1.0565000  0.89321487E-01 ;
LFRESV g3       1.0595000  0.17934563E+00 ;
LFRESV g4       1.0339000  0.14013513E+00 ;
LFRESV g5       1.0294000 -0.21566122E+00 ;
LFRESV g6       1.0084000 -0.10369297E+01 ;
LFRESV g7       1.0141000 -0.12033216E+01 ;
LFRESV g8       1.0498000 -0.29339467E+00 ;
LFRESV g9       0.9988000 -0.28396752E-01 ;
LFRESV g10      1.0157000  0.17262257E-01 ;
LFRESV g11      1.0211000 -0.50678879E+00 ;
LFRESV g12      1.0200000 -0.55634463E+00 ;
LFRESV g13      1.0170000 -0.94752582E+00 ;
LFRESV g14      1.0454000 -0.87081373E+00 ;
LFRESV g15      1.0455000 -0.91079940E+00 ;
LFRESV g16      1.0531000 -0.11186649E+01 ;
LFRESV g17      1.0092000 -0.81764714E+00 ;
LFRESV g18      1.0307000 -0.75601798E+00 ;
LFRESV g19      1.0300000  0.49167043E-03 ;
LFRESV g20      1.0185000  0.00000000E+00 ;
LFRESV 1011     1.0617886 -0.11599353E+00 ;
LFRESV 1012     1.0633937 -0.54040450E-01 ;
LFRESV 1013     1.0548164  0.21970612E-01 ;
LFRESV 1014     1.0611193  0.74321426E-01 ;
LFRESV 1021     1.0311032  0.46193478E-01 ;
LFRESV 1022     1.0512693 -0.33235728E+00 ;
LFRESV 1041     1.0124492 -0.14287742E+01 ;
LFRESV 1042     1.0145090 -0.11759356E+01 ;
LFRESV 1043     1.0274764 -0.13397836E+01 ;
LFRESV 1044     1.0066203 -0.11816279E+01 ;
LFRESV 1045     1.0110860 -0.12506098E+01 ;
LFRESV 2031     1.0279144 -0.63978736E+00 ;
LFRESV 2032     1.0694699 -0.41749208E+00 ;
LFRESV 4011     1.0224609 -0.13167970E+00 ;
LFRESV 4012     1.0235592 -0.96605817E-01 ;
LFRESV 4021     1.0488706 -0.62964523E+00 ;
LFRESV 4022     0.9947190 -0.36410504E+00 ;
LFRESV 4031     1.0367087 -0.68865085E+00 ;
LFRESV 4032     1.0486915 -0.77721155E+00 ;
LFRESV 4041     1.0506304 -0.94752582E+00 ;
LFRESV 4042     1.0428750 -0.10012012E+01 ;
LFRESV 4043     1.0369999 -0.11083482E+01 ;
LFRESV 4044     1.0394894 -0.11208740E+01 ;
LFRESV 4045     1.0533605 -0.12019663E+01 ;
LFRESV 4046     1.0357425 -0.11187631E+01 ;
LFRESV 4047     1.0590643 -0.10391710E+01 ;
LFRESV 4051     1.0659460 -0.12392184E+01 ;
LFRESV 4061     1.0387186 -0.10108980E+01 ;
LFRESV 4062     1.0560327 -0.94856274E+00 ;
LFRESV 4063     1.0535573 -0.88449042E+00 ;
LFRESV 4071     1.0484491 -0.87128274E-01 ;
LFRESV 4072     1.0590075 -0.69411209E-01 ;
LFRESV 1        0.9988473 -0.14782327E+01 ;
LFRESV 2        1.0012015 -0.12301102E+01 ;
LFRESV 3        0.9974607 -0.13955116E+01 ;
LFRESV 4        0.9996764 -0.12332986E+01 ;
LFRESV 5        0.9961142 -0.13016931E+01 ;
LFRESV 11       1.0025759 -0.16486101E+00 ;
LFRESV 12       0.9975132 -0.10355396E+00 ;
LFRESV 13       0.9957290 -0.27558753E-01 ;
LFRESV 22       0.9952508 -0.38207713E+00 ;
LFRESV 31       1.0042205 -0.68872790E+00 ;
LFRESV 32       0.9977664 -0.46718064E+00 ;
LFRESV 41       0.9967693 -0.99719963E+00 ;
LFRESV 42       0.9952521 -0.10508387E+01 ;
LFRESV 43       1.0013138 -0.11574826E+01 ;
LFRESV 46       0.9990570 -0.11680687E+01 ;
LFRESV 47       0.9949795 -0.10885384E+01 ;
LFRESV 51       0.9977757 -0.12885998E+01 ;
LFRESV 61       0.9948988 -0.10607528E+01 ;
LFRESV 62       1.0002212 -0.99781252E+00 ;
LFRESV 63       0.9992048 -0.93343084E+00 ;
LFRESV 71       1.0027616 -0.13613276E+00 ;
LFRESV 72       0.9974037 -0.11913546E+00 ;
